surrgain,EpThisIter,optimgain,ev_tdlam_before,meankl,entropy,TimeElapsed,entloss,EpLenMean,TimestepsSoFar,EpisodesSoFar,EpTrueRewMean,EpRewMean
0.01709751,41,0.01709751,-2.8967857360839844e-05,0.0075540934,0.68576294,9.22739291191101,0.0,24.5,1016,41,24.5,35.065422
0.016736753,37,0.016736753,-0.01886594295501709,0.006725072,0.6673732,14.244175434112549,0.0,27.575,2041,78,27.575,38.077774
0.021911526,35,0.021911526,0.033946871757507324,0.008887957,0.63259876,19.89266872406006,0.0,27.875,3037,113,27.875,37.544952
0.026430259,22,0.026430259,0.04519933462142944,0.008652752,0.61195934,26.401618242263794,0.0,38.1,4071,135,38.1,50.365505
0.024255984,9,0.024255984,0.014499425888061523,0.008025205,0.6015452,31.02151393890381,0.0,57.55,5049,144,57.55,77.40359
0.012683283,8,0.012683283,0.014056980609893799,0.008327689,0.5827098,36.97614359855652,0.0,74.775,6010,152,74.775,102.063736
0.008172001,6,0.008172001,0.014241635799407959,0.004536638,0.58567005,42.7641863822937,0.0,96.375,7155,158,96.375,130.4653
0.014966231,5,0.014966231,-0.00018656253814697266,0.0082662385,0.57249343,48.10884094238281,0.0,113.725,8026,163,113.725,159.42764
0.0061238594,6,0.0061238594,0.000751197338104248,0.008154923,0.54293436,54.8452410697937,0.0,137.75,9153,169,137.75,190.82822
0.007261642,5,0.007261642,0.002036869525909424,0.0063145175,0.5537319,62.05271625518799,0.0,152.6,10105,174,152.6,209.21
0.013848122,6,0.013848122,0.01989656686782837,0.008032119,0.55656576,68.03369355201721,0.0,165.95,11262,180,165.95,228.78418
0.0107911145,6,0.0107911145,0.0005817413330078125,0.006854385,0.54726785,73.95566725730896,0.0,170.725,12241,186,170.725,242.56172
0.0061601796,5,0.0061601796,-4.7087669372558594e-05,0.0077807335,0.60266775,79.62561559677124,0.0,183.45,13241,191,183.45,262.82715
0.007379421,6,0.007379421,-5.328655242919922e-05,0.008166467,0.545492,85.05676651000977,0.0,183.175,14310,197,183.175,267.98358
0.009583826,5,0.009583826,0.00034731626510620117,0.0072279684,0.54803026,90.93846797943115,0.0,187.1,15310,202,187.1,272.49783
0.0077089956,5,0.0077089956,-0.0003229379653930664,0.009003305,0.5252276,98.6246862411499,0.0,187.1,16310,207,187.1,275.16382
0.00886444,5,0.00886444,-0.00014400482177734375,0.008813154,0.53381026,105.70255398750305,0.0,188.4,17284,212,188.4,282.67603
0.00800735,5,0.00800735,-0.00015342235565185547,0.008338809,0.5318238,111.38868808746338,0.0,190.55,18284,217,190.55,292.014
0.010014582,5,0.010014582,-0.0001316070556640625,0.00779596,0.55347884,117.24808716773987,0.0,190.55,19284,222,190.55,293.78897
0.014800521,6,0.014800521,-0.00023317337036132812,0.0068619847,0.53512335,122.85686659812927,0.0,192.925,20358,228,192.925,287.16345
0.011423428,5,0.011423428,-0.00019633769989013672,0.008229066,0.5477884,128.9133496284485,0.0,194.025,21356,233,194.025,285.95352
0.008631,5,0.008631,-0.00024569034576416016,0.008516685,0.536525,134.34242939949036,0.0,195.925,22347,238,195.925,284.68756
0.0068074493,6,0.0068074493,-0.0002180337905883789,0.0090532135,0.5116452,141.27406859397888,0.0,193.325,23443,244,193.325,277.14313
0.0070462488,5,0.0070462488,-0.0001659393310546875,0.006227786,0.5324483,147.9337911605835,0.0,192.775,24421,249,192.775,270.63394
0.0068203444,5,0.0068203444,-0.00021219253540039062,0.009312712,0.52950716,153.79172348976135,0.0,193.425,25421,254,193.425,265.7107
0.006584041,6,0.006584041,-0.00015592575073242188,0.0076803146,0.49425536,159.38611006736755,0.0,191.275,26535,260,191.275,257.84106
0.0063622417,6,0.0063622417,-0.00014901161193847656,0.008138607,0.4582769,164.46967816352844,0.0,190.475,27634,266,190.475,254.36533
0.0037660617,5,0.0037660617,-0.00012540817260742188,0.0051133363,0.48576212,170.25454950332642,0.0,191.95,28634,271,191.95,255.97513
0.009963393,5,0.009963393,-0.00014853477478027344,0.0076927887,0.48058397,175.44970154762268,0.0,192.175,29634,276,192.175,257.49667
0.011246251,5,0.011246251,-0.00012302398681640625,0.008264171,0.4916086,181.17239427566528,0.0,194.45,30634,281,194.45,261.9433
0.0128853675,5,0.0128853675,-0.00012671947479248047,0.007850753,0.5322962,187.50338697433472,0.0,195.325,31634,286,195.325,265.2523
0.010619135,5,0.010619135,-0.0001252889633178711,0.0065486985,0.48254594,194.2988464832306,0.0,195.325,32634,291,195.325,267.79062
0.01348364,5,0.01348364,-0.00014722347259521484,0.007925223,0.48635387,199.7883608341217,0.0,195.325,33634,296,195.325,267.1981
0.006961341,5,0.006961341,-0.0001373291015625,0.008108942,0.48384383,206.43595099449158,0.0,200.0,34634,301,200.0,273.36075
0.004219338,6,0.004219338,-0.00010848045349121094,0.0056346487,0.47023833,212.43076944351196,0.0,200.0,35834,307,200.0,271.9134
0.014253575,5,0.014253575,-0.0001436471939086914,0.00904156,0.47661257,218.7311806678772,0.0,200.0,36834,312,200.0,271.52444
0.0070621185,5,0.0070621185,-8.499622344970703e-05,0.0070784055,0.44019017,224.92647647857666,0.0,199.825,37827,317,199.825,269.19058
0.014485426,5,0.014485426,-0.00010943412780761719,0.0064943647,0.45740527,231.57578039169312,0.0,199.775,38825,322,199.775,266.88287
0.00843833,5,0.00843833,-0.00010967254638671875,0.006830292,0.5011556,238.65692853927612,0.0,199.775,39825,327,199.775,265.9959
0.011139974,5,0.011139974,-8.52346420288086e-05,0.0065021697,0.49079925,245.536691904068,0.0,199.7,40822,332,199.7,262.78125
0.008701118,5,0.008701118,-8.83340835571289e-05,0.0071472945,0.4872673,251.62235617637634,0.0,199.7,41822,337,199.7,261.15253
0.009027506,6,0.009027506,-5.626678466796875e-05,0.0071057826,0.5299052,257.44993138313293,0.0,198.925,42991,343,198.925,257.04608
0.015534556,5,0.015534556,-7.927417755126953e-05,0.0069172624,0.48288706,263.679607629776,0.0,198.575,43977,348,198.575,255.73056
0.01463573,5,0.01463573,-4.982948303222656e-05,0.008828525,0.5022185,269.5921812057495,0.0,198.575,44977,353,198.575,254.07361
0.0075623346,5,0.0075623346,-5.125999450683594e-05,0.0071182647,0.5172243,276.9763684272766,0.0,198.75,45977,358,198.75,254.28384
0.0114403395,5,0.0114403395,-5.0902366638183594e-05,0.0066336063,0.530681,283.3556318283081,0.0,198.8,46977,363,198.8,254.06416
0.006095029,5,0.006095029,-3.898143768310547e-05,0.006628996,0.55266666,289.09619879722595,0.0,198.8,47977,368,198.8,253.94698
0.011548761,5,0.011548761,-4.553794860839844e-05,0.008282138,0.52774143,294.8098657131195,0.0,198.875,48977,373,198.875,254.86018
0.004856842,5,0.004856842,-3.981590270996094e-05,0.005765139,0.5697515,300.7364835739136,0.0,198.875,49977,378,198.875,256.14413
0.009712054,6,0.009712054,-3.707408905029297e-05,0.008534258,0.5654771,309.0825226306915,0.0,199.95,51177,384,199.95,264.42862
