entropy,EpLenMean,EpTrueRewMean,ev_tdlam_before,TimeElapsed,EpRewMean,surrgain,entloss,TimestepsSoFar,meankl,EpisodesSoFar,optimgain,EpThisIter
0.6850531,25.075,25.075,0.002854764461517334,12.748344421386719,53.750267,0.020606346,0.0,1021,0.008311639,41,0.020606346,41
0.66500866,27.375,27.375,0.009865939617156982,20.949108600616455,64.96598,0.029881187,0.0,2028,0.008352587,77,0.029881187,36
0.6369451,33.875,33.875,0.02498769760131836,28.756137132644653,80.83022,0.017636035,0.0,3034,0.0075269123,105,0.017636035,28
0.6153209,47.175,47.175,0.012865185737609863,35.94325566291809,115.13701,0.015506374,0.0,4064,0.007477469,121,0.015506374,16
0.5918639,58.525,58.525,0.01207733154296875,44.18221402168274,148.24673,0.019541655,0.0,5067,0.008317909,136,0.019541655,15
0.5917679,77.15,77.15,0.015754997730255127,52.25463271141052,195.91183,0.01011589,0.0,6120,0.0052365772,145,0.01011589,9
0.60226965,90.55,90.55,0.0026514530181884766,60.04646825790405,236.32712,0.0122432485,0.0,7158,0.0059886975,151,0.0122432485,6
0.5950986,108.5,108.5,0.0005930066108703613,67.84738993644714,298.35175,0.006360026,0.0,8180,0.0072401003,158,0.006360026,7
0.6340209,124.875,124.875,0.0003134608268737793,75.54890251159668,358.54996,0.01211851,0.0,9189,0.008226459,164,0.01211851,6
0.58341014,140.25,140.25,0.007756412029266357,83.883460521698,411.13208,0.01084683,0.0,10155,0.0074398797,171,0.01084683,7
0.6001975,152.3,152.3,0.00046432018280029297,92.00205111503601,470.01505,0.017361747,0.0,11217,0.008883103,177,0.017361747,6
0.62212217,155.775,155.775,0.0007038116455078125,99.67422795295715,508.546,0.0129745975,0.0,12283,0.0101077445,184,0.0129745975,7
0.6305933,145.775,145.775,-5.364418029785156e-06,107.42121505737305,566.44867,0.025649093,0.0,13237,0.009232517,193,0.025649093,9
0.5915523,102.65,102.65,-1.1444091796875e-05,115.71150231361389,635.4359,0.020643773,0.0,14261,0.009325011,211,0.020643773,18
0.58373034,44.575,44.575,-1.3113021850585938e-06,124.63818883895874,750.6087,0.025580544,0.0,15355,0.008198554,237,0.025580544,26
0.57421863,31.0,31.0,3.5762786865234375e-07,133.12682461738586,834.0807,0.01775562,0.0,16332,0.007467854,271,0.01775562,34
0.5551532,30.625,30.625,0.0,141.65532088279724,1114.1453,0.014516056,0.0,17387,0.007402447,306,0.014516056,35
0.5160897,25.825,25.825,-1.1920928955078125e-07,149.62830519676208,1388.8905,0.014347814,0.0,18381,0.007652088,344,0.014347814,38
0.47505644,21.925,21.925,3.5762786865234375e-07,157.88615822792053,1452.1483,0.01598249,0.0,19448,0.0057471916,391,0.01598249,47
0.42442793,23.525,23.525,1.1920928955078125e-07,166.44134902954102,1902.8699,0.013278962,0.0,20467,0.006482713,434,0.013278962,43
0.38809603,21.2,21.2,2.384185791015625e-07,174.6751046180725,2090.48,0.016268639,0.0,21500,0.0059710355,482,0.016268639,48
0.34544203,21.575,21.575,2.384185791015625e-07,182.9243950843811,2564.087,0.01055615,0.0,22499,0.0056113563,527,0.01055615,45
0.29382414,21.6,21.6,5.960464477539063e-08,191.44361424446106,2892.379,0.010051906,0.0,23549,0.005544898,576,0.010051906,49
0.28953838,17.175,17.175,5.960464477539063e-08,199.24650287628174,2839.1497,0.009918769,0.0,24558,0.0057946676,633,0.009918769,57
0.27282178,17.55,17.55,5.960464477539063e-08,208.02441382408142,2957.974,0.009194874,0.0,25583,0.007564419,689,0.009194874,56
0.2320456,19.475,19.475,1.1920928955078125e-07,217.0378873348236,3202.8926,0.011416702,0.0,26610,0.0035936856,742,0.011416702,53
0.24215809,17.275,17.275,5.960464477539063e-08,225.4742248058319,3316.552,0.008341634,0.0,27643,0.004703258,800,0.008341634,58
0.22933534,19.65,19.65,0.0,233.93703055381775,3556.349,0.009376111,0.0,28672,0.008714797,853,0.009376111,53
0.20289925,18.45,18.45,1.1920928955078125e-07,242.6812446117401,3381.3296,0.009798562,0.0,29693,0.006149221,908,0.009798562,55
0.17614824,20.0,20.0,1.7881393432617188e-07,250.9596643447876,3804.7358,0.011803303,0.0,30708,0.007027261,958,0.011803303,50
0.20312,18.525,18.525,0.0,258.97557759284973,3732.0728,0.010085603,0.0,31723,0.0068580196,1014,0.010085603,56
0.2064805,18.55,18.55,-1.1920928955078125e-07,267.2503571510315,3998.6772,0.02540803,0.0,32766,0.014511159,1069,0.02540803,55
0.19739065,19.975,19.975,0.0,275.7895293235779,4152.084,0.012126148,0.0,33767,0.0061934106,1121,0.012126148,52
0.2005552,19.85,19.85,0.0,284.7367124557495,4305.841,0.012502095,0.0,34809,0.009270867,1172,0.012502095,51
0.18605658,19.925,19.925,0.0,292.49046182632446,4208.919,0.013510705,0.0,35839,0.007849146,1225,0.013510705,53
0.19564113,20.45,20.45,5.960464477539063e-08,301.23142552375793,4340.7114,0.008618606,0.0,36861,0.00900523,1274,0.008618606,49
0.17432874,21.525,21.525,-1.1920928955078125e-07,308.80667328834534,4529.5977,0.008405017,0.0,37866,0.006567075,1322,0.008405017,48
0.1696611,20.3,20.3,-1.1920928955078125e-07,316.84008717536926,4436.383,0.0055454997,0.0,38904,0.0037517021,1373,0.0055454997,51
0.1837411,19.425,19.425,0.0,324.97248244285583,4338.58,0.011605407,0.0,39917,0.0144404005,1425,0.011605407,52
0.16824383,19.85,19.85,0.0,333.0457773208618,4399.3643,0.016383348,0.0,40959,0.010029649,1479,0.016383348,54
0.16178739,17.925,17.925,0.0,341.04536533355713,4250.8984,0.013518397,0.0,41979,0.0063391887,1535,0.013518397,56
0.17929232,20.5,20.5,0.0,349.93478775024414,4602.8467,0.012170832,0.0,43001,0.008763826,1586,0.012170832,51
0.1638002,19.1,19.1,5.960464477539063e-08,358.92890667915344,4475.0835,0.013479483,0.0,44028,0.008345986,1642,0.013479483,56
0.17105669,19.775,19.775,-1.1920928955078125e-07,367.33116245269775,4477.3726,0.022624081,0.0,45039,0.010864066,1693,0.022624081,51
0.15183759,22.05,22.05,0.0,376.17373061180115,4836.825,0.010340961,0.0,46059,0.008776555,1740,0.010340961,47
0.16085763,21.475,21.475,0.0,384.77505016326904,4691.12,0.016120903,0.0,47101,0.008238106,1788,0.016120903,48
0.15736765,20.475,20.475,1.1920928955078125e-07,393.6231677532196,4829.662,0.010679916,0.0,48110,0.0066604605,1837,0.010679916,49
0.13701913,20.575,20.575,0.0,402.1571249961853,4816.7227,0.0065218993,0.0,49146,0.0042211227,1887,0.0065218993,50
0.14818893,20.2,20.2,0.0,407.83693861961365,4912.6045,0.0069440464,0.0,50171,0.0078823725,1938,0.0069440464,51
