optimgain,EpRewMean,entloss,entropy,surrgain,TimeElapsed,EpLenMean,TimestepsSoFar,EpisodesSoFar,ev_tdlam_before,EpThisIter,meankl,EpTrueRewMean
0.020583889,44.6447,0.0,0.6850455,0.020583889,12.1371431350708,25.075,1021,41,0.003494441509246826,41,0.008319641,25.075
0.02029126,48.501457,0.0,0.665056,0.02029126,19.366114139556885,27.875,2048,77,0.01822638511657715,36,0.007622098,27.875
0.022912921,53.610218,0.0,0.6391995,0.022912921,26.373777866363525,31.475,3054,106,3.7670135498046875e-05,29,0.008288844,31.475
0.025763348,68.82878,0.0,0.60785395,0.025763348,33.0563280582428,40.925,4096,127,0.08201748132705688,21,0.008834431,40.925
0.030947002,94.487724,0.0,0.59875154,0.030947002,38.92231774330139,56.9,5075,139,0.051853299140930176,12,0.0082065305,56.9
0.018295849,128.46857,0.0,0.57356226,0.018295849,46.2276394367218,75.725,6136,148,0.012672185897827148,9,0.0070703467,75.725
0.022878326,162.39139,0.0,0.57881963,0.022878326,52.859331369400024,93.225,7161,155,0.03458130359649658,7,0.008648122,93.225
0.013495652,185.62119,0.0,0.5575321,0.013495652,59.93857717514038,109.25,8139,161,0.1997535228729248,6,0.008094754,109.25
0.017517421,220.53133,0.0,0.5492563,0.017517421,67.07850670814514,126.675,9163,167,0.07110679149627686,6,0.008705192,126.675
0.01568104,240.75468,0.0,0.5798103,0.01568104,73.75457000732422,140.1,10214,173,0.21036094427108765,6,0.00845706,140.1
0.0071683647,273.23697,0.0,0.5705134,0.0071683647,80.35649418830872,153.975,11234,179,0.0022203922271728516,6,0.0054202364,153.975
0.011542706,283.3448,0.0,0.56032985,0.011542706,86.84918546676636,159.025,12170,184,0.0007322430610656738,5,0.008026764,159.025
0.018288739,308.5111,0.0,0.5652158,0.018288739,93.95042395591736,168.25,13213,190,9.268522262573242e-05,6,0.008770788,168.25
0.010033876,321.40314,0.0,0.55028605,0.010033876,100.81738257408142,173.0,14281,196,0.0011720657348632812,6,0.006562286,173.0
0.01308682,332.67105,0.0,0.5295277,0.01308682,108.28080439567566,172.575,15242,202,-5.1856040954589844e-05,6,0.0066776862,172.575
0.019985478,336.2552,0.0,0.5363265,0.019985478,116.37184262275696,173.775,16314,208,-0.00016438961029052734,6,0.0065517165,173.775
0.015494162,333.2002,0.0,0.5236978,0.015494162,123.51426029205322,170.8,17328,215,-0.00027692317962646484,7,0.009115757,170.8
0.010579463,328.74048,0.0,0.53998995,0.010579463,130.57477569580078,171.075,18425,221,-0.00028121471405029297,6,0.0050813435,171.075
0.007222661,325.16064,0.0,0.5709555,0.007222661,138.30043625831604,170.75,19321,226,-0.000244140625,5,0.007256317,170.75
0.012443516,318.04083,0.0,0.57904565,0.012443516,145.099454164505,171.125,20458,232,-0.00028121471405029297,6,0.008682692,171.125
0.012811893,314.71646,0.0,0.5566218,0.012811893,152.6494381427765,173.975,21359,237,-0.00023257732391357422,5,0.0045773415,173.975
0.018858071,306.09528,0.0,0.55886227,0.018858071,160.29215550422668,175.0,22442,243,-0.00022125244140625,6,0.0070260214,175.0
0.016868271,301.32367,0.0,0.55284214,0.016868271,166.91285252571106,176.525,23375,248,-0.0002295970916748047,5,0.0076517602,176.525
0.014193197,312.98776,0.0,0.5738132,0.014193197,173.53414940834045,184.225,24562,254,-0.0002595186233520508,6,0.0106402375,184.225
0.0076823346,318.58307,0.0,0.53803515,0.0076823346,180.4864625930786,187.725,25553,259,-0.0002384185791015625,5,0.008075377,187.725
0.012904339,329.16202,0.0,0.56489336,0.012904339,187.93389868736267,189.95,26530,264,0.00012356042861938477,5,0.0071006613,189.95
0.0040069376,338.19577,0.0,0.5389443,0.0040069376,194.36140894889832,191.15,27530,269,3.2842159271240234e-05,5,0.006253544,191.15
0.011725562,347.69116,0.0,0.58444023,0.011725562,201.0913257598877,192.325,28530,274,0.02481323480606079,5,0.007900813,192.325
0.009601269,362.62296,0.0,0.61572987,0.009601269,207.69692516326904,195.5,29519,279,0.5863660275936127,5,0.008665563,195.5
0.012960803,370.94965,0.0,0.5585453,0.012960803,214.99806022644043,196.875,30670,285,0.44651365280151367,6,0.008216006,196.875
0.0073238118,370.92606,0.0,0.5932624,0.0073238118,221.62654900550842,197.05,31657,290,0.5775276720523834,5,0.007753375,197.05
0.013680251,361.18863,0.0,0.5751373,0.013680251,228.41234517097473,194.325,32735,296,0.4618649482727051,6,0.008921552,194.325
0.006479196,355.20654,0.0,0.55362034,0.006479196,235.10592579841614,195.125,33735,301,0.07852804660797119,5,0.006890821,195.125
0.0034505269,343.16803,0.0,0.57694924,0.0034505269,241.63133311271667,195.125,34735,306,0.3983399271965027,5,0.0033221587,195.125
0.010685792,329.6128,0.0,0.530896,0.010685792,248.10068130493164,194.875,35725,311,0.5326043367385864,5,0.0084246,194.875
0.007566763,311.3303,0.0,0.54161024,0.007566763,254.8118245601654,193.125,36844,317,0.4814845323562622,6,0.0042580515,193.125
0.00675934,302.74463,0.0,0.5027207,0.00675934,261.62692499160767,194.15,37844,322,-0.008557319641113281,5,0.008297698,194.15
0.009518465,293.98,0.0,0.5670121,0.009518465,268.59379053115845,194.35,38844,327,0.42603200674057007,5,0.0076040337,194.35
0.011148397,295.86383,0.0,0.5357047,0.011148397,275.7527415752411,197.725,39844,332,0.2646743655204773,5,0.0058842828,197.725
0.00978202,291.8764,0.0,0.5303457,0.00978202,282.7070996761322,197.725,40844,337,0.4274737238883972,5,0.0075820205,197.725
0.0038248282,292.1599,0.0,0.5178762,0.0038248282,290.1821925640106,197.725,41844,342,0.12053543329238892,5,0.0060675754,197.725
0.00743311,294.7646,0.0,0.54849756,0.00743311,297.13491129875183,197.975,42844,347,-0.004817485809326172,5,0.0038123778,197.975
0.012811346,301.43628,0.0,0.55474496,0.012811346,304.6835386753082,199.875,43844,352,0.06664174795150757,5,0.009276268,199.875
0.008509316,303.0869,0.0,0.59480417,0.008509316,310.98289251327515,200.0,45044,358,0.039113402366638184,6,0.008761105,200.0
0.008820644,310.83038,0.0,0.56492823,0.008820644,318.5027365684509,200.0,46044,363,5.304813385009766e-06,5,0.0048375274,200.0
0.01149489,313.08273,0.0,0.543869,0.01149489,325.4529106616974,200.0,47044,368,0.0026555657386779785,5,0.00746813,200.0
0.012166891,314.13303,0.0,0.5724561,0.012166891,332.19029569625854,199.775,48035,373,0.6612429320812225,5,0.007608148,199.775
0.017436322,323.04828,0.0,0.541821,0.017436322,340.0953834056854,199.3,49016,378,0.27999573945999146,5,0.0053988313,199.3
0.012220707,334.28558,0.0,0.5566864,0.012220707,347.1706602573395,199.3,50016,383,0.31472527980804443,5,0.009563269,199.3
