EpLenMean,EpTrueRewMean,EpisodesSoFar,entloss,surrgain,TimeElapsed,optimgain,EpThisIter,TimestepsSoFar,ev_tdlam_before,EpRewMean,entropy,meankl
24.5,24.5,41,0.0,0.017180227,9.21064043045044,0.017180227,41,1016,-5.435943603515625e-05,26.215439,0.6857312,0.0075867022
30.625,30.625,72,0.0,0.017698478,14.713978290557861,0.017698478,31,2009,-0.006252288818359375,31.132305,0.6652725,0.008059923
32.85,32.85,103,0.0,0.015393863,21.201855659484863,0.015393863,31,3040,0.014495432376861572,32.829502,0.6392627,0.0065432754
34.625,34.625,130,0.0,0.026086017,27.057540893554688,0.026086017,27,4086,0.03201651573181152,32.71393,0.6060856,0.009031972
53.375,53.375,140,0.0,0.015736895,33.028058767318726,0.015736895,10,5092,0.07786977291107178,50.45481,0.6009119,0.0076336004
69.75,69.75,147,0.0,0.006301406,38.97515058517456,0.006301406,7,6061,0.12694507837295532,64.777054,0.5869849,0.0039202683
91.525,91.525,153,0.0,0.0060026953,44.61269664764404,0.0060026953,6,7112,0.20719802379608154,83.98147,0.5914597,0.0072075557
113.275,113.275,160,0.0,0.012423124,49.936500549316406,0.012423124,7,8184,0.3964879512786865,101.50499,0.5646811,0.007685762
127.65,127.65,165,0.0,0.008356509,55.505528926849365,0.008356509,5,9032,0.14578348398208618,111.85939,0.5587831,0.008659231
146.675,146.675,172,0.0,0.019649036,62.91927242279053,0.019649036,7,10222,0.3236948251724243,127.51123,0.54261845,0.009451263
155.85,155.85,178,0.0,0.015185507,68.5354552268982,0.015185507,6,11245,0.09629678726196289,133.81093,0.52740246,0.009957666
169.0,169.0,183,0.0,0.0062669786,73.92371773719788,0.0062669786,5,12243,0.0024793148040771484,166.71213,0.53759956,0.0056321565
175.275,175.275,188,0.0,0.00864318,79.60693693161011,0.00864318,5,13243,0.005482494831085205,185.55627,0.5958148,0.0067159166
177.475,177.475,193,0.0,0.009300521,85.0709400177002,0.009300521,5,14211,0.6069742143154144,192.03938,0.5705775,0.009544989
179.775,179.775,199,0.0,0.01526441,91.17820620536804,0.01526441,6,15242,0.1958138346672058,202.65482,0.55631316,0.008391782
184.125,184.125,204,0.0,0.010734396,96.8018147945404,0.010734396,5,16197,0.0007444024085998535,219.95471,0.54467595,0.0074007553
182.825,182.825,210,0.0,0.011342298,102.82849454879761,0.011342298,6,17235,0.00046259164810180664,232.91428,0.56495994,0.006986478
181.95,181.95,217,0.0,0.007151419,108.5846016407013,0.007151419,7,18418,-8.71419906616211e-05,253.38692,0.6096965,0.007478414
181.3,181.3,222,0.0,0.009703007,114.12054371833801,0.009703007,5,19295,-0.00016868114471435547,240.29219,0.56386113,0.006562948
166.275,166.275,231,0.0,0.012403044,119.49314069747925,0.012403044,9,20462,0.00030517578125,225.19633,0.52813184,0.006939885
168.925,168.925,236,0.0,0.006650499,125.53723549842834,0.006650499,5,21419,0.4106731414794922,218.9283,0.56662476,0.007905355
165.7,165.7,242,0.0,0.0075442465,131.32985067367554,0.0075442465,6,22430,-0.0005738735198974609,205.83134,0.5614057,0.005849377
164.55,164.55,248,0.0,0.016966049,137.29585599899292,0.016966049,6,23497,-0.0006275177001953125,191.77412,0.5734612,0.009489698
162.625,162.625,254,0.0,0.008138033,143.0651617050171,0.008138033,6,24469,-0.0014472007751464844,175.51653,0.55046046,0.006700789
164.575,164.575,260,0.0,0.008058602,148.83127236366272,0.008058602,6,25526,-0.0005590915679931641,165.5494,0.56607914,0.0072074267
167.875,167.875,265,0.0,0.0075346297,155.09068131446838,0.0075346297,5,26502,-0.0011136531829833984,160.88713,0.54427475,0.0074169696
176.4,176.4,270,0.0,0.0049158186,161.03377032279968,0.0049158186,5,27471,-0.00039446353912353516,165.42598,0.5156659,0.0080567105
180.4,180.4,276,0.0,0.0069460636,166.75315833091736,0.0069460636,6,28635,-0.0004661083221435547,168.0872,0.52185965,0.0073054605
182.975,182.975,281,0.0,0.0053482926,172.41986680030823,0.0053482926,5,29602,-0.0004215240478515625,169.48782,0.5367876,0.0069585843
186.775,186.775,286,0.0,0.007207264,177.7485957145691,0.007207264,5,30602,-0.0003319978713989258,173.6392,0.5478016,0.0055437344
190.65,190.65,291,0.0,0.009939994,184.30272126197815,0.009939994,5,31602,-0.0003300905227661133,181.49663,0.57815135,0.008919758
194.3,194.3,296,0.0,0.005599555,190.24626994132996,0.005599555,5,32602,-0.00023508071899414062,190.01424,0.539951,0.00508082
196.9,196.9,301,0.0,0.008848383,196.10413789749146,0.008848383,5,33602,-0.0005074739456176758,197.39409,0.5713122,0.009167057
197.5,197.5,307,0.0,0.0086527085,201.8445634841919,0.0086527085,6,34802,-0.0003763437271118164,202.2664,0.5419774,0.0071584173
198.675,198.675,312,0.0,0.0056347996,207.27200937271118,0.0056347996,5,35802,-0.0006189346313476562,207.32022,0.55622864,0.007609265
198.2,198.2,317,0.0,0.007924683,213.35332036018372,0.007924683,5,36763,-0.0001348257064819336,209.09216,0.52387184,0.007826978
199.025,199.025,322,0.0,0.0076144137,219.34897780418396,0.0076144137,5,37763,0.001209855079650879,214.69353,0.55054986,0.007801945
199.025,199.025,327,0.0,0.0019121347,224.42369627952576,0.0019121347,5,38763,1.0192394256591797e-05,215.83017,0.5822576,0.00482303
199.025,199.025,332,0.0,0.006201836,230.52728033065796,0.006201836,5,39763,-0.0003401041030883789,213.18393,0.55883086,0.005853811
199.025,199.025,337,0.0,0.005607216,236.85101890563965,0.005607216,5,40763,-6.151199340820312e-05,210.58243,0.6150751,0.006773992
188.3,188.3,345,0.0,0.013116504,242.36854577064514,0.013116504,8,41934,0.0003331303596496582,194.66472,0.5361687,0.008153116
187.675,187.675,350,0.0,0.010589363,248.05358481407166,0.010589363,5,42909,-0.001196742057800293,189.95032,0.5262225,0.0071219746
187.675,187.675,355,0.0,0.01268756,254.102694272995,0.01268756,5,43909,3.88026237487793e-05,187.10312,0.5414109,0.007667536
188.65,188.65,360,0.0,0.0077484106,259.3404722213745,0.0077484106,5,44909,0.02965676784515381,181.51863,0.5316415,0.0064122225
187.75,187.75,366,0.0,0.011353833,265.17257261276245,0.011353833,6,46073,0.009468913078308105,173.323,0.533226,0.006642305
183.2,183.2,372,0.0,0.012296615,270.6896710395813,0.012296615,6,47091,0.28757548332214355,163.92137,0.5012065,0.0074202484
182.45,182.45,377,0.0,0.007055964,276.35096740722656,0.007055964,5,48061,0.17526721954345703,157.92888,0.52721095,0.007094715
189.325,189.325,382,0.0,0.012423442,280.8110797405243,0.012423442,5,49046,0.36921578645706177,160.29327,0.5295044,0.008884634
192.8,192.8,387,0.0,0.00694535,283.24068236351013,0.00694535,5,50046,0.13348335027694702,159.05362,0.54820335,0.0090952385
