ev_tdlam_before,EpTrueRewMean,entloss,EpThisIter,EpRewMean,TimestepsSoFar,surrgain,EpLenMean,entropy,meankl,TimeElapsed,EpisodesSoFar,optimgain
0.012754857540130615,23.525,0.0,43,49.850376,1014,0.021036237,23.525,0.6844905,0.00885652,12.661469221115112,43,0.021036237
0.008768439292907715,27.575,0.0,35,62.52654,2045,0.026926687,27.575,0.6658087,0.007837109,20.497989892959595,78,0.026926687
0.0013880729675292969,34.35,0.0,24,80.1405,3041,0.019625593,34.35,0.64158463,0.0078142155,28.649730682373047,102,0.019625593
-0.001615762710571289,44.675,0.0,22,105.654686,4071,0.023954693,44.675,0.61796,0.008333029,37.297494411468506,124,0.023954693
0.006491959095001221,57.95,0.0,11,140.2411,5052,0.017259229,57.95,0.6040527,0.007661583,44.74385690689087,135,0.017259229
0.011671900749206543,73.2,0.0,9,178.81021,6036,0.013912477,73.2,0.58293307,0.006723907,52.8956880569458,144,0.013912477
0.006965041160583496,88.8,0.0,6,214.13667,7053,0.007545989,88.8,0.59405154,0.001746601,60.374332666397095,150,0.007545989
0.0003362894058227539,108.075,0.0,5,261.6402,8038,0.0127120465,108.075,0.5701295,0.008615617,68.08918571472168,155,0.0127120465
0.0003085136413574219,126.15,0.0,7,305.34702,9063,0.009421305,126.15,0.5783135,0.008069681,75.7790629863739,162,0.009421305
-2.5987625122070312e-05,141.55,0.0,7,345.4019,10228,0.013633845,141.55,0.5724534,0.009048705,83.8545789718628,169,0.013633845
-0.00028645992279052734,154.625,0.0,5,380.63922,11177,0.016275622,154.625,0.60034895,0.0098886695,91.91967916488647,174,0.016275622
9.655952453613281e-06,162.15,0.0,6,419.84296,12132,0.008366025,162.15,0.57041293,0.0063840104,100.15653944015503,180,0.008366025
0.0007238984107971191,170.55,0.0,6,476.66943,13162,0.015286498,170.55,0.58226156,0.00804092,108.2445011138916,186,0.015286498
-3.9577484130859375e-05,164.025,0.0,7,510.98517,14199,0.020332115,164.025,0.60087943,0.0082492465,116.18404054641724,193,0.020332115
1.1205673217773438e-05,159.95,0.0,8,572.3755,15323,0.012459187,159.95,0.58908856,0.006707948,124.5764889717102,201,0.012459187
-1.823902130126953e-05,148.475,0.0,9,653.6869,16367,0.018088527,148.475,0.5761421,0.009319029,132.97508478164673,210,0.018088527
-2.384185791015625e-07,113.225,0.0,13,742.5908,17261,0.023597386,113.225,0.5687932,0.009188073,140.86247658729553,223,0.023597386
-4.76837158203125e-07,75.275,0.0,19,843.3436,18413,0.01605546,75.275,0.5617263,0.009589061,149.0181920528412,242,0.01605546
-1.1920928955078125e-06,36.8,0.0,33,972.7003,19449,0.016094629,36.8,0.5159974,0.008030901,157.2397654056549,275,0.016094629
-3.5762786865234375e-07,26.225,0.0,39,1247.2053,20469,0.014067963,26.225,0.47258452,0.007716882,166.07154607772827,314,0.014067963
-1.1920928955078125e-07,24.125,0.0,43,1321.4785,21493,0.0139082,24.125,0.47920257,0.0073372656,174.05512285232544,357,0.0139082
-1.1920928955078125e-07,21.775,0.0,48,1713.9762,22508,0.011416631,21.775,0.4109538,0.006845982,181.8040702342987,405,0.011416631
-1.1920928955078125e-07,21.225,0.0,50,1917.4615,23543,0.010906541,21.225,0.4064031,0.007893143,190.05706691741943,455,0.010906541
0.0,18.65,0.0,56,1740.9072,24566,0.009622637,18.65,0.39280084,0.0054061925,198.32149171829224,511,0.009622637
0.0,18.175,0.0,57,2266.509,25578,0.010226691,18.175,0.33843827,0.0037502395,206.4917562007904,568,0.010226691
1.7881393432617188e-07,18.475,0.0,55,2296.5242,26611,0.008214786,18.475,0.34793913,0.003770452,214.72638821601868,623,0.008214786
5.960464477539063e-08,19.05,0.0,54,2703.3228,27637,0.007758763,19.05,0.28459337,0.004179674,222.51047778129578,677,0.007758763
0.0,19.725,0.0,53,3028.6733,28662,0.01234812,19.725,0.23093712,0.0073830006,230.3109769821167,730,0.01234812
0.0,17.075,0.0,56,2677.0645,29681,0.009132879,17.075,0.2162959,0.0037013104,238.60433530807495,786,0.009132879
5.960464477539063e-08,17.9,0.0,55,3043.157,30720,0.012643752,17.9,0.1931696,0.004315464,246.52372813224792,841,0.012643752
-1.1920928955078125e-07,18.925,0.0,55,3239.1294,31739,0.008751147,18.925,0.1753071,0.0053201243,255.1500084400177,896,0.008751147
1.7881393432617188e-07,18.375,0.0,56,3274.5745,32766,0.005308872,18.375,0.15850174,0.004063541,264.04926109313965,952,0.005308872
1.7881393432617188e-07,20.975,0.0,49,3826.5398,33773,0.021977259,20.975,0.16349387,0.012100877,272.15887784957886,1001,0.021977259
-1.1920928955078125e-07,21.275,0.0,50,3982.1196,34815,0.01375767,21.275,0.17071445,0.009524329,280.72612047195435,1051,0.01375767
0.0,20.9,0.0,48,4028.0933,35818,0.007911089,20.9,0.1499769,0.0049480484,288.359459400177,1099,0.007911089
0.0,21.775,0.0,48,4367.286,36858,0.017732635,21.775,0.1652093,0.009992611,296.8754172325134,1147,0.017732635
0.0,21.175,0.0,48,4311.7134,37879,0.020676536,21.175,0.13063021,0.009700391,305.21803545951843,1195,0.020676536
1.1920928955078125e-07,20.2,0.0,49,4465.247,38895,0.008325103,20.2,0.14832886,0.006068803,313.59159302711487,1244,0.008325103
1.7881393432617188e-07,21.85,0.0,47,4637.2593,39923,0.007302996,21.85,0.12608704,0.0067720776,321.64939284324646,1291,0.007302996
0.0,21.825,0.0,46,4762.2256,40935,0.013678882,21.825,0.15024447,0.006973264,329.3026852607727,1337,0.013678882
0.0,20.55,0.0,50,4650.875,41979,0.013965274,20.55,0.14424944,0.0094188675,337.75148129463196,1387,0.013965274
0.0,21.525,0.0,47,4837.1455,43002,0.0203709,21.525,0.13252947,0.0068364246,345.6671772003174,1434,0.0203709
1.1920928955078125e-07,20.6,0.0,49,4595.7305,44024,0.0073309317,20.6,0.13827512,0.0028158608,353.9851903915405,1483,0.0073309317
0.0,19.125,0.0,52,4343.52,45038,0.005911641,19.125,0.13852113,0.006021276,362.364737033844,1535,0.005911641
1.1920928955078125e-07,19.125,0.0,51,4567.137,46057,0.0045592254,19.125,0.12619746,0.00529089,371.11322140693665,1586,0.0045592254
0.0,18.8,0.0,53,4700.8174,47104,0.011709528,18.8,0.12613662,0.0072120638,379.84047174453735,1639,0.011709528
0.0,21.825,0.0,47,4907.247,48122,0.00983235,21.825,0.10394908,0.00463509,388.48983550071716,1686,0.00983235
0.0,22.15,0.0,46,5024.966,49144,0.008095177,22.15,0.09931192,0.0039986656,397.2182264328003,1732,0.008095177
0.0,22.65,0.0,47,5304.345,50170,0.007503976,22.65,0.10087009,0.0091455355,405.3379530906677,1779,0.007503976
