meankl,EpThisIter,TimeElapsed,EpTrueRewMean,TimestepsSoFar,EpisodesSoFar,entloss,optimgain,entropy,ev_tdlam_before,EpRewMean,EpLenMean,surrgain
0.0075211814,41,11.251126289367676,24.5,1016,41,0.0,0.017015925,0.68579495,-1.1324882507324219e-05,52.765392,24.5,0.017015925
0.008690991,40,18.796000003814697,25.0,2016,81,0.0,0.02772624,0.66196924,0.020045936107635498,50.846718,25.0,0.02772624
0.0068697296,27,27.057339191436768,33.85,3044,108,0.0,0.016751802,0.64285856,-0.026069283485412598,72.19594,33.85,0.016751802
0.009046769,18,34.73863363265991,44.275,4041,126,0.0,0.02276988,0.6193379,-0.013686299324035645,101.5969,44.275,0.02276988
0.0068448735,9,42.40672826766968,63.55,5083,135,0.0,0.008364434,0.6002891,0.01806432008743286,148.80336,63.55,0.008364434
0.007721171,8,50.8579044342041,81.325,6081,143,0.0,0.014694964,0.5768721,-0.0011072158813476562,196.1595,81.325,0.014694964
0.0071119172,6,59.55855989456177,101.275,7164,149,0.0,0.005641222,0.594913,2.980232238769531e-07,247.22652,101.275,0.005641222
0.0044351136,7,68.05125045776367,115.125,8148,156,0.0,0.009587513,0.56310683,0.09514445066452026,275.80328,115.125,0.009587513
0.008285727,6,75.71058225631714,132.6,9117,162,0.0,0.013457404,0.58948874,0.0012682080268859863,324.73715,132.6,0.013457404
0.0058156243,5,84.43237161636353,145.2,10049,167,0.0,0.010158407,0.62287974,-0.00031256675720214844,366.4865,145.2,0.010158407
0.0077173715,6,92.08270192146301,153.85,11109,173,0.0,0.009728498,0.59228456,0.0005240440368652344,398.37946,153.85,0.009728498
0.0014319636,6,99.88385391235352,165.25,12212,179,0.0,0.0024629864,0.6004635,0.0012102723121643066,433.41006,165.25,0.0024629864
0.0069326507,5,108.03293800354004,172.6,13185,184,0.0,0.009373412,0.6379965,9.703636169433594e-05,461.1041,172.6,0.009373412
0.004242316,7,115.72865033149719,171.5,14220,191,0.0,0.006932282,0.5801582,0.0013240575790405273,483.9173,171.5,0.006932282
0.005768585,7,123.53754997253418,170.9,15264,198,0.0,0.013436927,0.6095119,3.439188003540039e-05,508.1959,170.9,0.013436927
0.0077053467,6,131.75650787353516,169.75,16239,204,0.0,0.012034345,0.61407924,0.000599980354309082,521.1964,169.75,0.012034345
0.010851494,6,139.69895911216736,168.775,17357,210,0.0,0.017644221,0.6343492,7.37905502319336e-05,550.17786,168.775,0.017644221
0.008237522,8,147.9385449886322,158.45,18350,218,0.0,0.016689947,0.58736354,8.046627044677734e-06,574.7875,158.45,0.016689947
0.009877026,6,155.80990481376648,154.425,19362,224,0.0,0.023243658,0.60571975,-8.702278137207031e-06,650.15125,154.425,0.023243658
0.0064469147,9,163.78450751304626,148.25,20423,233,0.0,0.0091584325,0.5919839,8.64267349243164e-06,695.899,148.25,0.0091584325
0.008237679,14,172.11133289337158,118.075,21480,247,0.0,0.015428816,0.5575384,-9.5367431640625e-06,860.82306,118.075,0.015428816
0.00797789,19,180.02926301956177,70.6,22508,266,0.0,0.016231406,0.56534684,1.430511474609375e-06,1083.2797,70.6,0.016231406
0.0073244157,29,187.95950388908386,38.175,23543,295,0.0,0.017572314,0.5386165,8.344650268554688e-07,1079.127,38.175,0.017572314
0.008095716,30,196.1174213886261,32.85,24552,325,0.0,0.016832368,0.49335736,-2.384185791015625e-07,1752.9333,32.85,0.016832368
0.0054306663,40,203.8033311367035,26.05,25594,365,0.0,0.009763821,0.44097257,6.556510925292969e-07,2195.1555,26.05,0.009763821
0.0058682207,44,212.27534437179565,22.7,26624,409,0.0,0.010966037,0.44000858,2.980232238769531e-07,1883.9343,22.7,0.010966037
0.005509343,54,221.32787418365479,18.925,27643,463,0.0,0.0106763225,0.40487978,2.384185791015625e-07,2283.9778,18.925,0.0106763225
0.0050369664,54,229.78792071342468,17.85,28652,517,0.0,0.013277376,0.38712192,1.1920928955078125e-07,2559.4673,17.85,0.013277376
0.006284573,53,237.89167523384094,19.525,29689,570,0.0,0.016014105,0.3670203,5.960464477539063e-08,2955.849,19.525,0.016014105
0.005713391,48,246.45314145088196,20.575,30703,618,0.0,0.00957264,0.31464678,2.384185791015625e-07,3503.771,20.575,0.00957264
0.0072903438,54,254.51137685775757,18.35,31744,672,0.0,0.0092479,0.29106402,-1.1920928955078125e-07,3290.5012,18.35,0.0092479
0.0064443382,59,262.11333870887756,18.225,32764,731,0.0,0.009450465,0.24546888,0.0,3447.4023,18.225,0.009450465
0.00693508,50,271.15850925445557,19.35,33772,781,0.0,0.0052571436,0.24908039,1.1920928955078125e-07,3750.8755,19.35,0.0052571436
0.0068707964,56,279.33428621292114,17.4,34815,837,0.0,0.009684461,0.22411296,0.0,3504.5598,17.4,0.009684461
0.007959072,54,287.5248317718506,19.25,35836,891,0.0,0.013180144,0.23500708,1.1920928955078125e-07,3757.8203,19.25,0.013180144
0.0065714624,55,295.1825478076935,17.95,36860,946,0.0,0.015927056,0.21584773,0.0,3560.4531,17.95,0.015927056
0.010345393,64,303.2074782848358,15.025,37887,1010,0.0,0.017192109,0.22508527,0.0,3387.8848,15.025,0.017192109
0.013518358,62,310.8882403373718,16.9,38903,1072,0.0,0.026956197,0.23180196,0.0,3687.748,16.9,0.026956197
0.0047624502,60,319.39896178245544,17.1,39923,1132,0.0,0.008131256,0.20982832,0.0,3762.832,17.1,0.008131256
0.008127831,65,327.77113795280457,15.6,40941,1197,0.0,0.01626704,0.20430864,1.1920928955078125e-07,3833.2192,15.6,0.01626704
0.009904484,77,336.4803023338318,13.85,41969,1274,0.0,0.012792854,0.2127241,0.0,3777.0085,13.85,0.012792854
0.009829903,74,344.58014011383057,14.95,43008,1348,0.0,0.022410274,0.1995132,0.0,3921.0073,14.95,0.022410274
0.002479701,63,353.06592893600464,14.925,44027,1411,0.0,0.007915959,0.19405818,0.0,3757.9343,14.925,0.007915959
0.006182914,64,361.54451632499695,15.6,45048,1475,0.0,0.005699778,0.18679968,0.0,4016.3613,15.6,0.005699778
0.010684999,60,370.3691973686218,17.55,46069,1535,0.0,0.009672687,0.17081273,1.1920928955078125e-07,4331.296,17.55,0.009672687
0.008968465,53,378.98187613487244,19.0,47087,1588,0.0,0.012442718,0.17132719,0.0,4337.285,19.0,0.012442718
0.007917406,54,387.5404894351959,18.95,48124,1642,0.0,0.013309075,0.15898958,0.0,4371.625,18.95,0.013309075
0.01077067,60,396.4678990840912,16.875,49134,1702,0.0,0.00746221,0.16054109,0.0,4118.4526,16.875,0.00746221
0.00848571,51,404.0829641819,20.325,50162,1753,0.0,0.013516227,0.1524161,-1.1920928955078125e-07,4606.837,20.325,0.013516227
